29,15|2|4|13
306,8|2|11|9
203,2|30
235,5|2|4|38
178,8|2|39|40|9
229,17|4|52
227,29|8|2|54|9|53
260,5|2|4|55
58,4|68|69
89,8|2|70|9|10
78,2|3
27,2|0|29
40,8|2|9|10|78
204,11|8|2|85|9|84
184,90|2|1
47,79|2|4|17
103,2|30
310,5|4
107,2|76|96
176,4|68
209,12|97
71,52|4|101|100|17
112,2|3
92,111|2
105,29|2|13
15,93|13|2|6
148,8|2|9|13
248,2|106
0,21|2|3
28,21|2|3
152,2|23
183,8|2|9|13
419,2|11
120,4|69|43
186,4|17
239,2|3
170,2|0
1271,2|70
1617,113|19
1003,8|2|9|147|10|13
1019,78|1|2|6
1149,8|2|9|10|105
1565,24|2
1505,11|8|2|9|10|13
575,146|152|2
1081,146|2|11
1607,2|3
1544,2|21
977,8|2|93|54|9|30
1025,75|74|12
1589,8|10|9
978,11|8|2|85|9|76
767,65|61|12
775,102|12
749,61|155
972,158|121|61|124
984,8|2|9|54|53
1522,76|2|23
1053,2|160
1000,2|3
1142,9|12|47
1623,110|2|163
1150,23|55|76|2
1146,24|2
1276,9|12|47
989,2|11
754,2|9|147|12|166
586,87|168
746,2|3
1550,2|0|13
1640,2|77
1015,17|4|52
1535,22|2|23|24
1100,93|2|30
1339,24|2
1519,2|0|13
1558,76|2|30
1517,8|2|9|10|13
1615,24|2
1614,2|106
1097,4|34
899,2|106
1799,19|4|196|17
784,38|79|80|2
1667,65|12
2103,12|97
1373,8|2|39|9|13
867,79|2
2362,31|104|12|97
866,79|2
833,2|76|77
1355,11|8|2|39|9
1461,24|23|2
2143,2|91|53
1168,79|2
2203,2|3
1993,2|13
2415,188|42
1169,1|0|112|2
2262,1|91|53|2
1978,11|2|9|12|47|6
1700,31|104
1285,113|19
2495,2|76|77
1499,40|2
1250,11|8|2|54|9
1378,8|2|39|9|12|40|47
442,12|75
1758,2|13
2437,12|201|19
1403,8|9
897,1|91|53|2
598,65|12
1651,79|2
816,2|1
933,86|52|2|4|79|17
785,24|2
781,29|8|2|9|13
837,79|2|4|17
1992,209|143|37
2539,4|210
820,214|135|2
2142,79|2
881,2|11
2374,13|2|19|117|190
805,79|2
1874,79|2|30
346,185|9|12|61|179|47
922,104|2|145|110|31
2269,2|3
2299,47|9|12|97
2537,40|2
510,219|61
2433,221
911,24|2
1877,140|19|4|17
2353,79|2
1318,4|34|52
445,3|2|1|21
1170,8|2|9|10|222
2361,61|124|228
2475,8|2|93|39|9|13
2473,2|52|1|4|100|112
865,24|2
2487,136|8|10|9
1830,2|145|55|26
786,8|2|9|4|15
1983,5|4
2469,79|2
2033,21|2|3
886,3|2|23|77
2479,4|69|43
2513,136|8|10|9
1737,4|101|52
1663,9|12|166|47
1826,2|0|1|112
2264,21|2|3
2478,2|0|13
2477,156|132|115|28|19
1365,2|138
579,79|2
1892,251|4
1947,93|2
2444,8|90|2|39|9|6
894,2|76|77
2214,51|34|212|4|19|213
1319,2|3
1980,2|29
2196,79|2
913,8|2|9|13
1644,255|19|217|254
1693,8|2|1|9|54|0
1823,76|2|30
1950,192|28|107|19
806,110|2|145|163
2297,136|8|9
1934,188|42
1778,2|4|3|112|17
1800,8|2|39|9|13
1481,79|2
1806,21|2|1|3
2060,2|3
829,2|30|13
1467,8|85|9
810,2|21|13
1224,2|1|4|112|69
2032,2|4|69|13
1683,2|1|43|138|4
1784,17|4|34
488,8|2|93|54|9|30
811,2|91|53
1986,28|19|115
1655,2|76|77
1911,5|4
515,147|2
512,11|104|2|0|31
2434,8|2|9|13
920,8|2|85|9|3
2114,2|29
1716,4|69|43
1922,93|2
1712,2|11|76
1868,57|217|265|19|255
812,2|138
661,138|0|21|2
2226,49|51|48|19|50
2069,267|2|55
2208,2|268
1893,79|2
1289,79|2|7
1483,2|53
1754,82|31|103|172|87
1890,2|1|4|112|69
1831,5|4
626,4|43|17
2202,27|28|19|196
365,8|2|9|54|0|3
591,270|2|159
1805,24|2
1761,2|271|13
551,2|0
1501,136|8|85|9
550,78|2|6
725,49|51|19
1816,2|106
1818,24|2|23|7
1851,2|3
659,5|2|210|0|4
1795,21|2|1|3
2295,79|2
1767,21|2|1|3
1739,31|79|2|104
2493,5|2|4|1
2016,53|2|3|13
1664,172|82|81
2006,79|2
2387,8|2|39|9|13
2194,24|2
1370,21|2|1|3
2007,24|2
1675,21|22|3|2
2044,2|106
645,56|4|52|17
2259,2|1|21|6
2120,3|2|21
1819,2|91|53
1827,2|4|1|43
592,2|3
1848,2|76|77
1997,285|4|17
2285,24|2
2257,38|29|2|13
840,79|2
2507,40|2
2435,2|288|30
312,87|168
1375,93|2
2228,155|61
2423,14|155|291|61|12
2057,79|2
952,13|2|52|0|4|292
825,61|179
791,76|2|30|77
2399,120|2|1|0|4
2388,8|2|54|9|271
2508,2|160
528,2|13
2471,79|80|2
1452,43|4|31|69
862,79|2|0
857,2|91|53
1235,21|2|1|3
2036,2|76|77
496,93|2
929,110|2|145|163
2138,2|1
1399,23|2|30|77
1837,2|21|13
2407,8|2|39|9|13|6
513,15|2|4|13
724,2|30
1927,8|2|11|9
1653,111|2
1860,102|12
1478,299|19
2155,2|1
1200,24|2
1201,2|77
946,2|96
1909,93|40|2|13
1438,2|9|12|21|47
2078,21|22|3|2
529,26|2|21|13
2149,2|268
1162,2|0|13
1363,309|67|87|66
2068,21|2|3
2071,310|4
548,79|2
2073,111|2
1184,3|2|21
2541,8|2|9|54|3|21
802,2|11|55|53
1179,5|4
1207,79|2
1172,311|2|30|24
1404,86|52|312|4|17
2464,2|0|13
1937,2|76|77
2422,111|24|2
633,2|11
2074,17|4|34|52
2504,2|112
2041,57|217|265|19|255
2098,2|0
803,2|106
1969,2|4|69|13
817,2|11|76
2095,2|1|43|38|4
1977,79|80|2
523,8|2|80|9|79
1447,22|2|23|24
438,8|2|93|9|30
794,11|2|4|15|21
861,8|2|93|54|9
818,90|8|2|9|6
1269,79|2
623,5|11|4|2
2334,2|0|13
1258,2|1|21|6
2309,4|101|52
1368,285|4
392,155|61|12|179|65
1736,1|0|112|2
1136,8|2|93|54|9
1680,2|76|77
728,120|2|0|4|112
1697,93|2|11|13
1695,11|0|2|29
1670,1|112|3|2
1879,2|145|55|26
1471,2|76|77
2099,2|138
1453,2|4|69|13
2348,5|2|4|1
1835,23|2|106|24
622,31|103|87
634,27|132|192|28|19
2288,93|2
1421,2|76|77
2101,270|135|2
1489,2|3
2282,2|30|13
2092,325|8|85|9|12
739,2|76|77
497,2|1|21
1463,8|2|39|9|13
2483,2|3
2008,2|11|160
1740,79|2
1469,120|2|1|4|0
537,8|2|39|9|13
740,31|103|87|104
1425,301|61|19|169
397,2|21
2488,2|21
1428,2|0|13
1472,52|285|4|292|17
1733,79|2
1840,79|2|7
483,11|8|2|39|9|21
2111,79|8|2|9
1300,11|8|2|9|10|4|15
638,2|52|1|43|4|338
2408,79|2
1883,102|12
1374,93|2
2077,56|4|52|17
2337,120|2|1|4|0
1979,113|19
1380,5|4|69|43
1193,5|4
792,267|24|340|2
839,56|4|52|17
2506,39|8|9|193
435,2|145|55|26
2153,5|4
1,21|2|3
2079,2|21
2505,11|8|90|2|39|9
2500,79|2
1226,110|2|145
1161,107|133|28|19|170|108
1208,3|2|21
2,78|2|22|6
1460,2|11
2039,277|61|121|123|124
1905,267|24|340|2
2133,8|90|2|39|9|13
2526,26|2|21|13
1658,2|76|77
1306,40|2
2450,120|2|1|4|0
2250,2|76|77
2328,2|3
2258,2|76
2249,2|13
2219,113|19
703,2|13
1796,219|343|61
1924,2|3
2345,3|2|21
2129,93|40|2|13
2350,93|2|11|30
1301,2|4|69|13
1940,11|8|2|9|23
1936,2|91|53
1938,79|80|2
111,8|2|9|13
87,8|2|9|222|10|105
259,8|2|1|9|112
147,2|76|77
169,2|4|13
125,8|85|9
187,267|2|55|26
127,5|2|4|0|55
205,2|138
90,2|3|13
121,4|69|43
50,8|2|9|10|271|13
289,2|30
161,136|8|2|9|13
171,77|24|2|96
240,8|10|9
165,4|68
418,92|2
212,2|271
253,2|38|374|4|139
307,267|2|55|53
284,24|2
282,2|76|77
18,21|2|3
420,2|106
288,2|21
102,11|4|69|2
215,2|0|30
99,104|31|2|70|4|15
10,219|65|61|12
11,219|343|61
1343,2|106
1632,8|2|1|9|10|13
959,2|11
1139,79|80|2
1595,11|0|2
953,11|8|2|54|9|30
1046,120|4
960,95|20|18|19|244|128|31|126
956,146|2
1069,90|2|1|21
738,93|2
1592,5|4
1124,8|2|1|9|10
981,5|4
985,2|76|77
764,8|2|9|13
1102,2|53
1596,68|2|0|4|13
750,2|13
987,2|0
1347,136|8|9
980,2|4|68|6
1044,19|4|196|17
995,2|21
1633,3|2|30
600,79|135|2
1055,4|43
1106,2|0|1|190
1109,2|4|112|34
1033,146|2
1112,9|12|47
1147,2|13
271,5|183|4|120
1137,29|2|13
1070,146|2|29
1591,8|2|9|10|13
1537,2|29
1058,135|2
1532,3|2|21
1600,2|13
751,2|52|4|338|112
1639,4|34
1108,8|10|9|2
761,146|90|2
1634,2|13
1014,2|21
1098,93|2|30
1538,288|8|2|9|10
996,3|2|21
1583,8|2|9|13|6
1334,2|76|77
1051,23|106|2
1035,113|19
771,19|140
772,79|2
765,40|2
1588,111|2
1573,51|19|212|117
1587,110|2|55
1067,102|12
1611,147|11|2
1158,8|2|93|9|30
1510,147|0|2
356,89|87|389
2082,2|0
364,8|2|9|12|10|105|47
2443,24|2
1811,2|1
470,65|12|201|19
885,2|1|3
1857,126|19
655,146|152|2
1896,9|12|47
2405,39|8|9
484,12|97
1479,11|8|2|54|9
609,113|299|19
2454,2|21
5,136|8|85|9|10
480,136|8|2|39|9|6
907,1|91|3|2
2380,111|2
2458,82|244|19
2330,9|12|47
939,79|2
1265,154|8|9|202
1967,79|2
2266,38|2|0|13
2002,4|68|69
2439,154|8|9|85
2498,24|2
2466,238|37
927,79|2
870,26|2|3|21
891,2|106
628,2|13
1810,2|1
2189,102|12
832,111|24|2
593,111|2
2274,113|19
2569,2|6
851,1|91|53|2
947,79|2
2573,2|1|4|69|21
2543,93|40|2
889,311|364|2|24
2394,79|80|2
2470,79|2
2128,90|2|21|6
2559,21|2|3
398,79|2
2117,2|3
2578,93|2|30|13
2570,3|2|21
2438,13|78|2|6
2290,93|40|2|13
451,238|209|37
2327,395|86|2|52|4
1995,2|1|43|4|112
2538,79|2|0|29
2270,38|2|13
1312,19|254
2248,135|2
2356,8|2|39|9|21
2455,2|91|53
2137,5|4|210
652,65|12|97
2383,34|8|54|9|4
2390,397|61
2081,3|2|21
1324,2|13
1386,12|400
2212,2|76|96
2446,79|2
2156,2|0|29
2511,3|2|21
2544,2|0
1163,79|2
2145,2|0
1418,2|0|13
1678,12|75
1351,79|2
1385,136|8|2|9|79
342,2|0|13
1801,136|8|9
313,11|8|2|9|12|47
1852,8|2|9|92|403|91
375,2|76|13
925,79|9|80|2
1719,8|2|9|54|3|21
1432,8|9
1668,38|11|0|2
516,56|4|52|17
1227,31|103|87
1742,9|12|16|47
2230,31|104
1129,11|8|2|85|9
1435,12|400
314,4|68
560,79|2
360,8|2|35|9|54
315,2|11
639,27|156|132|28|19
1809,79|2
1259,2|0
1771,261|61
316,8|2|93|9|13
2491,79|2
1424,2|21
383,2|106
1715,22|2|23|24
1916,156|132|192|28|19
2481,3|2|21
317,8|2|39|9|13
554,11|8|2|268|85|9
2141,8|85|9|12|154|47
909,111|23|106|2
318,8|2|9|0|79
539,8|2|39|9|13
1677,93|40|2|13
2163,8|2|39|9|13
399,3|2|21
407,136|8|9
2349,136|8|9
371,76|2|23|77
1723,2|76|77
384,79|2
1692,2|3
319,2|21
1293,3|2|30
517,9|2|11|216
2109,65|12|97
1125,2|11|13
433,4|17
2279,8|2|93|9|30
706,11|0|23|2
1862,138|11|2
2244,54|8|9
611,82|31|103|172|87
1881,31|103|87
385,17|4|34
1527,8|2|9|13|6
299,21|2|3
1528,93|2|30|13
1127,2|13
518,93|61|155|2
395,92|351|53|2
1850,2|1|4|15|21
498,93|2|13
2225,277|61|121|123|124
2235,136|8|2|9|222|10
2577,79|2
2054,2|30
532,136|8|9|12|154|47
490,24|2
2207,2|11
1429,2|112|3|1
2148,4
1470,24|23|2
587,148|12|65|87
838,8|2|77|9|76
519,11|8|2|9|10|4|15
1990,2|76|77
1808,267|2|165
545,79|80|2
6,2|1
2582,13|2|7|6
1202,11|8|2|39|9|4|15
1128,2|11|55|53
1177,9|12|47
1286,267|22|165|2
1210,2|21
1958,111|2
1194,13|2|0|6
1211,21|2|3
1212,110|2|145|163
1699,61|121|124
1828,9|16
1203,1|112|2
1694,8|2|9|10|105
844,267|22|55|2
491,8|2|39|9|13
1412,12|97
12,8|9|193
1951,110|92|351|2
7,79|2
1957,79|2
2023,2|21
821,92|2
2346,2|21
1772,2|91|53|13
499,79|2
1768,21|22|3|2
2216,8|2|9|13
1204,4|34
1948,93|2
524,2|11
2501,156|132|115|28|19
565,2|6
520,0|2|11|3
793,2|106
8,8|2|9|10|105|30
2325,2|30|13
2154,2|21
2531,13|2|6
1185,17|4|34
1240,0|2|4|43
1949,24|2
1952,79|2
926,24|2
1282,19|254
1443,231|4|98|52
2571,79|2
2093,2|0
386,12|75
698,2|11
1256,2|93|9|13|154
1305,93|40|2|13
1446,40|2|13
241,87|168
303,325|103|12|31|87
1157,325|103|12|31|87
618,325|295|103|12|31|87
196,35|2|83
1156,325|103|12|31|87
571,325|295|103|12|31|87
1155,325|2|12|4|13|15
684,35|79|0|2
114,61|155
211,11|8|2|9|10|370
14,65|12
214,3|2|4|43
131,2|0
17,159|8|2|9
141,2|52|312|4|30|17
153,2|13
416,2|106
1641,2|145|23
1082,2|106
1262,8|9|202
547,21|2|1|3
1630,8|2|93|54|9
1356,12|75
471,38|79|2
782,5|11|2|43|4
1822,79|80|2
2410,24|2
1912,27|132|192|28|19
1804,79|2
2440,79|2
807,79|2
1294,79|8|2|9
1899,93|2|76|77
1689,2|11|30|268
1705,79|2
1833,5|4
1283,24|23|2
293,2|106
197,8|2|9|13
198,146|2
279,35|2|194|380
74,2|13
172,2|78
167,79|80|2
206,23|4|129|2
173,2|0
35,9|8|1|2
1278,2|76|77
1531,2|21
1508,311|2|24
1148,18|19|20
1569,111|2
320,8|2|85|9|13
530,21|2|3
321,113|299|19
1236,79|2
1264,18|19|296
322,2|13
195,325|295|103|12|31|87
351,325|295|103|12|31|87
573,325|103|12|31|87
200,325|295|103|12|31|87
267,325|295|103|12|31|87
683,325|295|103|12|31|87
616,93|2
682,31|103|87
311,325|103|12|31|87
577,93|138|0|2
685,8|2|85|9|0|13
1652,325|103|12|31|87
402,325|295|103|12|31|87
690,325|295|103|12|31|87
202,93|2|11
413,104|2|138|0|31
1134,8|9|53|2
621,299|19
535,8|2|9|13
1238,8|2|9|76|6
2038,373|2|24|79|23
294,145|11|2
1598,2|145
300,12|97
426,154|9|12|47
597,12|97
297,31|9|104
427,2|4|69|13
1915,11|2|103|12|9|31|87|47
693,24|2
875,2|1
2396,24|2
2280,8|2|39|9|13
42,45|65|189|12
278,65|12|201|19
1764,3|2|11|30
1529,2|3
1325,79|2
721,2|11|26
735,31|103|87
179,2|13
552,61|62|178|179
1594,2|3
1725,310|4
2545,40|2
787,21|2|1|3
361,11|8|2|85|9|53
1504,2|4|3|356|21
1360,2|21
1847,93|2|3|30
2482,154|9
1458,79|2
492,2|76
305,52|43|4|98|69
692,2|145
1364,8|2|93|54|9|30
1956,2|76
1647,325|12|97
1520,138|11|3|2
1474,154|8|85|9
1910,2|145
660,2|13
640,2|0
814,24|23|2
2427,8|2|9|3|21
2303,8|2|9|6
1484,8|2|9|10|105
1297,12|97
500,38|8|2|9
1367,8|2|9|6|78
2089,2|11
732,79|2
1841,8|2|11|9
1844,2|11
585,2|145
763,79|2
594,90|40|2
1274,2|165
2322,40|2|268
1492,191|67
1968,311|2|30|24
608,2|0
226,5|4
574,35|2
2409,200|90|2|21
679,5|4|69|43
1976,8|2|9|79|135
461,11|8|2|9|55
1448,267|2|340|55
1807,79|2
686,1|112|2
2514,111|2
2180,18|19|316
1340,2|30
340,11|2|92|55|53
1482,8|85|9
403,343|61
19,11|0|2
345,102|12
1205,2|91|53
2159,2|11
704,2|91|53
2286,13|2|6
2452,79|2
1792,8|2|93|54|9
788,79|24|2
2136,86|52|2|4|53|17
1821,24|76|2
1838,5|4
1376,40|2|11
281,2
2424,93|439|2
578,159|135|2
2550,4|43|52
1263,8|9|202
1001,8|2|9|3|21
1932,40|2
24,2|11
935,110|2|267|55
671,51|213|19|212
2496,2|3
658,2|21
2173,4|52
1551,3|2|91|53
1487,5|4
1357,12|75
1671,2|103|31|87|23
2277,47|9|12|97
381,27|156|132|28|19
2031,4|17
2556,21|2|3
2048,2|3
1817,2|0|1
1829,5|4
2205,135|2
1473,31|3|2|104
553,61|178|179
2503,8|9|12|47
344,21|2|3
436,18|19|20
1152,24|2|23|7
2062,79|2
1261,22|2|23|24
43,179|61|12|185
1631,8|2|9|0|79
2517,373|2|77|24|23
189,4|17
1151,8|2|1|39|9|13
1029,110|2
1231,53|2|91|3
1002,28|19|115
1007,102|12
1023,82|125
1635,8|2|9|13
1629,111|2
1855,22|2|23|24
1770,8|2|39|9|13|6
1802,2|3
1709,93|2|30
691,11|0|2
635,113|19
965,5|120|2|4|112
1539,7|8|2|39|9|6
478,104|31|61|179
151,47|8|12|9
466,40|2
607,111|2|1
566,15|11|4|2
106,2|11|83
1975,92|2|91
1008,2|138
1566,23|83|2
1132,82|31|103|172|87
2090,2|70
1516,146|11|0|2
1462,79|2|11
323,11|0|53|2
1430,2|1|13
25,2|11
1383,8|2|9|13
2125,2|106
1054,2|91|53
2080,11|8|2|54|9
254,2|106
2291,93|2|30|13
1873,2|91|53
864,2|145|3
1171,2|13
1267,79|2
1246,8|2|11|9
441,38|2|4|43
2076,2|0|13
1372,79|2
2267,2|3
2516,24|2
352,145|11|2|13
2037,22|21|2
2474,18|19|296|342
13,12|75
1836,310|4
2247,79|2
1676,156|132|28|244|19
1620,2|3
852,8|2|9|54|3
1502,8|2|85|9|10|13
1918,31|103|87|295
2187,24|2
1295,107|19
1284,452|2|145|53
1824,209|237|37|143
507,8|2|1|9|10
1885,93|2|30
1730,8|2|39|9|79
1684,39|8|9
2049,82|226|199|19
2289,113|19
2420,8|2|39|9|10|13
1329,8|2|39|9|13|6
1656,154|9
1621,9|12|47
1555,8|2|54|9|0|4|69
1166,310|4|68
650,8|2|9|10|222
1450,2|7|6
1426,2|0
612,2|1|43|0|4
168,2|112
1673,61|445|179
2024,79|2
440,2|55|106
636,102|12
1864,102|12
2158,8|2|93|9|13
2140,102|12
1906,102|12
2011,2|91|53
2020,8|2|39|9|79
710,2|76
1369,135|2
366,113|19
479,2|13
2056,23|2|76|24
1326,51|126|95|20|18|19|128|31|213
194,8|2|11|9
20,370|2
2164,82
696,11|8|2|9|55
2502,102|12
1889,2|11
1707,104|31|61
1242,201|8|9|12|19|47
343,2|310|1|4|21
2484,2|76|77
1988,93|2|30|13
1414,285|455|4
2116,77|2|96
2512,21|2|3
1941,12|74
1431,8|2|1|39|9|13
38,40|2|55|13
1706,14|291|61|12
76,2|4|69|13
533,8|2|9|10|105
2566,79|2
1981,285|4|17
1929,2|145|106
826,2|30
834,146|2|91|53
1465,113|19
473,31|103|87
2132,31|103|87
422,2|194|380|83
1213,93|147|2|13
2045,61|179
1012,8|2|39|9|10|13
919,2|76
2035,52|4|292|56|17
2401,17|4|34
702,5|310|4
2293,1|112|2
1135,57|217|265|19|255
2460,40|2
1721,31|103|87
2130,77|2|76|96
2115,79|2
188,8|2|9|12|13|47
662,102|12
1476,8|2|39|9|21
632,2|11
768,261|8|39|9|61
2178,2|7|6
193,325|103|12|31|87
780,23|76|2
3,136|8|2|39|9|6
1433,4|69|43
1691,2|11|55|53
2462,61|445|179
1416,24|145|23|2
1133,29|2|6
453,2|0|13
33,2|11
1904,40|2
136,8|2|9|13
1872,24|2
2445,136|8|2|9|79
1597,3|2|21
835,92|2
559,88|89|87
859,2|3
1681,2|0
1825,2|3
2272,2|145|13
1247,5|2|4|38
1354,79|2
822,311|2|24
2055,8|2|39|9|10|13
1961,93|2|30|13
2580,79|2
1464,21|22|3|2
1307,2|1
508,19|140
1926,148|149|59|151
1241,2|0|1
830,19|140
549,8|2|39|9|13
2579,2|13
1182,18|19|316
1131,79|2|0|1
819,8|2|39|9|13
1407,113|299|19
646,4|17
462,19|140
1659,2|76|77
1362,8|2|9|12|13|47
2306,102|12
2161,24|2
1400,5|4|69
2124,68|7|2|4|6
1233,93|2|30
1480,17|4|34
1198,2|106
1466,8|2|54|9
1164,24|2|23|7
1782,4|101|52
2181,267|22|21|2
1845,111|2
353,89|87|389
463,2|52|43|38|4|98
823,21|22|3|2
2246,79|2
1839,111|2
2102,24|2
892,2|11
1748,12|97
804,5|4
815,2|21
1925,8|14|2|39|9|12|13
2206,8|2|39|9|13
2521,42|243
2034,21|2|1|3
2494,2|1|21
672,102|12
2583,87|168
1468,2|13
2576,209|237|143|144|37
1722,2|96
1167,86|2|52|4|91
9,200|2|21
2456,2|43|4|314|69
1803,79|2
1216,2|145|30
624,2|0|1|26
808,2|106
1743,24|2
2426,34|52|4|360|101
355,2|1
357,325|8|12|9
570,113|19
262,93|2|30
617,11|8|2|85|9|138
298,8|2|9|10|105
1972,2|76|77
243,92|2|53|182
1533,8|2|39|40|9|13
387,113|19
410,110|2
2146,2|76|77
2372,154|8|9
2139,11|8|2|9|23
237,325|103|12|31|87
561,104|82|31|103|172|87
91,9|8|1|2
762,2|6
878,53|2|91|21
2432,110|2
149,35|135|2|270
871,2|43|4|92|112
2414,5|4|43
2123,111|2
421,2|83|106
251,267|2|165|55
1178,26|2|21|13
1195,5|2|1|4|0
367,38|2|11|29
809,24|2|23|7
1820,2|106
1419,2|145|55|26
287,77|2|76|96
713,38|2|0|13
676,2|1|43|0|4
2097,79|2
68,152|2|138|13
1336,8|2|39|9|222|10
2467,19|297
122,2|0|29
1011,11|0|2
324,4|69
1181,2|0|6
2476,2|3
619,113|19
1327,31|104
1272,47|8|12|9
2184,19|4|196|17
1228,2|13
449,102|12
425,11|8|2|54|9
783,2|0
1126,8|85|9
2398,79|2
2042,29|2|13
1094,38|2|21
2119,21|2|3
1358,11|2|4|15|21
1921,29|0|2|13
1662,79|2
2218,113|19
2459,47|8|12|9
457,8|2|9|10|105
216,5|4
4,11|136|8|2|9|12|47
1214,2|21|13
2574,4|34
358,2|7|6
798,2|76
1679,2|6
709,2|76
540,8|2|9|10|13
191,2|3
2428,2|70
843,79|2
2231,459|445|61|179|178
1500,39|8|9|216
924,92|2
1685,2|1
2234,170|107|169|19
1346,2|11
1834,120|2|0|4|112
2524,261|61
372,401|104|8|54|12|4|9|31
1475,11|8|2|85|9|79
2165,51|48|19|59
1251,156|132|28|19|131
1704,201|97|9|12|19|47
610,4|69
143,8|85|9
2182,8|9|216|202
1302,146|152|2
1196,41|42
272,397|61|178
2134,102|12
414,2|30|13
150,2|3
1219,14|12|2|13
1612,4|17
1352,79|2
606,2|1
799,2|106
192,8|2|93|54|9|30
220,2|112
2260,3|2|21
1331,76|2|30|77
1842,5|2|1|4|69
222,38|2|0|55
2472,27|28|19
2527,27|28|19
501,2|30
2223,12|400
667,2|1|43|4|3
2528,51|34|212|4|19|213
404,113|19
144,12|97
795,79|2
1609,2|106
1813,79|2
912,110|2|145
1959,111|2|106
589,5|2|271|4|21
677,79|2|30|6
727,2|4|69|13
2534,110|2|145
2430,79|2
431,325|295|103|12|31|87
1026,27|28|19
668,18|19|296|342
1542,146|2|0|55
2084,3|2|21
1322,147|30|2
80,135|134|2
2063,146|40|2
446,15|2|4|13
1220,356|4|17
2436,5|201|12|4|19
1789,93|2
720,76|2|30|77
1488,8|2|54|9|135
1206,2|76
2575,2|6
2283,2|11|1|13
2005,2|91|53
514,56|4|52|17
325,93|2
1518,2|4|69|13
308,102|12
2400,2|32|3|31|21
1427,8|2|9|10|222
975,102|12
1953,79|2
2015,102|12
2429,2|6
1866,2|91|53
1252,2|3
1409,5|2|1|4|13
1209,11|8|2|9|12|47
1960,2|53|387
637,113|19
326,79|80|2
1010,4|69|43
1217,2|76|77
2160,93|2|11
123,15|4|34
1485,2|0|1|26
966,2|11|30
2067,61
1455,2|1|4|200|69
2025,8|2|39|9|79
347,21|2|3
555,93|8|2|9
954,2|6
544,79|2
228,5|4|68
2227,27|28|19|4|17
521,76|2|23|77
858,2|106
1930,2|1
2085,29|0|2|13
1024,2|11|1
651,5|4
2314,2|340|55|23
1954,110|2|145|163
190,8|2|93|9|54|3
2026,110|452|2|145
653,93|2|30
1215,2|6
45,2|165
21,3|2|21
1174,5|4
2043,2|7|6
1585,4|68
2030,82|125|173
452,29|0|2|13
831,19|140
230,2|106
2397,4|34
1390,8|2|9|54|3|21
1580,17|2|4|96
2135,8|2|9|12|10|105|47
1253,8|2|85|9|159|30
2192,229|4|43|17
1085,8|2|9|12|10|13|47
988,11|0|2
1456,79|8|2|9
1188,1|112|2|7
556,2|9|23|76|216
1310,86|52|312|4|17
1486,8|2|85|9|3
627,138|4|43|2
1401,4|34
363,8|9|76|2
1223,2|21
1933,102|12
1935,102|12
998,8|2|9|54|21
1734,56|4|52|17
391,136|8|9|39
2389,79|2|7
2485,40|2
948,222|288|2|7
2265,186|42
2305,3|2|21
2144,2|91|53
1436,190|2|0|13
2553,93|2|13
411,8|2|85|93|9
1076,79|2|7
2431,2|6
1222,93|40|2|6
2061,2|7|6
2457,2|76
454,8|2|54|9|21|53
2321,2|106
2075,40|2
1875,111|2
873,2|76|77
934,2|91|53
2335,21|2|3
2323,76|2|23|77
2065,79|2
428,8|9|23|2
2533,2|112
2204,24|11|23|2
1728,3|2|53
2086,2|76
110,113|19
394,102|12
2104,52|43|4|56|17
1490,120|2|0|4|112
2000,2|3
1861,309|2|221|87|53
990,61|179
2053,107|133|192|28|19
2519,3|2|21
1050,102|12
2497,111|2
711,11|0|1|2
715,3|2|21
2091,2|11
2213,86|4|52|17
2342,2|11|55|53
2046,2|4|68|6
1931,2|91|53
2585,2|76|77
128,2|11
789,79|2
1790,57|59
2221,79|8|2|9
2453,8|9|12|47
747,134|135|194|2
1063,56|4|52|17
1832,79|80|2
863,2|76
1350,61|178|179
327,27|156|132|28|19
869,267|55|2
1491,38|2|11
502,2|11|1
1073,2|1
588,8|2|39|9|13|6
388,76|2|23|77
1654,65|12
2581,3|2|21
879,110|22|55|2
393,2|11|30
1726,2|106
1849,107|133|28|19|170|108
860,26|2|3|21
1515,93|2
836,2|0|1
921,232|267|2|4|460
1571,285|4
219,2|11
2548,138|11|30|2
2222,5|68|2|4|0
629,4|68
359,325|295|103|12|31|87
2391,5|4
1165,8|2|9|10|105
2275,13|2|6
845,110|2|55
2317,8|2|85|77|9|76
1266,113|19
1080,56|4|52
824,452|92|2|53
893,267|22|55|2
979,2|43|38|0|4
695,2|11
1120,37|8|9
1657,2|11|55|53
224,102|12
493,11|8|2|39|9
2281,40|2
694,2|106
1287,40|2
1041,285|292|4|52
2547,22|2|23|24
180,2|13
1966,111|2
1493,209|37
2224,110|22|267|2
1160,2|6
116,4|52
1084,146|90|40|2
2126,102|12
1275,136|8|9
2179,229|4|43|17
2028,93|40|2|13
1787,1|0|112|2
976,83|8|2|54|9|76
1613,111|2|106
2072,110|2|145
48,2|21
494,8|2|93|9|30
1928,2|21
942,503|2
2088,2|3
1530,21|2|3
1036,2|11|3
1582,8|2|39|9|84|13
665,102|12
1511,102|12
117,136|8|2|9|258
1056,8|9|21|2
2584,2|4|69|13
1923,11|2|4|15|21
1422,2|106
1942,8|2|93|54|9
657,2|1|43|0|4
2373,61|124|228
1072,11|8|2|39|9
2017,2|91|53|13
969,76|2|23|77
1514,113|19
649,2|11|3
1068,2|55|106
1105,2|43|0|138|4
644,11|8|2|85|9
429,8|2|85|9|0|3
1579,61|459|178
232,90|40|21|2
748,49|51|48|19|262
1308,4|34
1610,8|2|9|0|13
1708,2|0|13
1032,8|2|39|9|0|13
1507,2|30
1577,110|2|163
1018,3|2|21
296,26|2|21
1593,24|76|2
1696,38|2|112
2268,13|2|6
1628,79|2
349,31|103|87
1408,51|19
1328,11|8|2|54|9
175,1|11|112|2
1353,79|2
1061,12|75
2499,214|135|2
437,2|1|43|0|4
1559,2|1
955,8|2|11|9
1814,79|2
2480,2|52|4|100|112
1048,102|12
1599,113|19
217,11|8|2|54|9
1298,11|8|2|9|55
1902,2|78
2087,8|2|85|77|9|76
613,93|2
1687,2|11
2066,24|76|2
1237,5|2|4|137
1039,17|4|34
1279,93|2
2070,86|4|52|17
2339,24|139|2
842,79|2
1090,8|2|93|9|13
601,79|2
1843,2|138
1013,221
1243,2|23
983,8|2|93|54|9
1541,19|4|196|17
796,267|2|11|55
54,4|69|68
2358,2|0
1017,3|2|23|190
1074,83|8|2|9|54
1963,111|24|2
1089,12|400
1506,93|439|2
849,267|22|21|2
1962,2|0
986,81|226|82|45
1998,17|4|34
328,8|2|9|79|135
223,2|21
1064,8|2|9|3|21
1254,8|2|85|9|21
1078,51|48|19
1622,200|90|2|6
1720,61|179
2083,111|2
1856,93|2|30
1650,2|76|13
680,285|4
1439,2|11
841,8|2|9|54|106
155,5|4|69
1714,172|82|173
2542,26|8|2|54|9|3
1665,31|103|87
1291,22|11|2|6
1494,8|85|9
1175,8|2|9|10|105
1666,79|2|55
63,2|106
2183,79|2
1964,8|2|93|9|30
1858,2|3
1688,8|2|85|9|13
291,13|2|6
406,2|21
132,65|12|67|66
538,8|2|11|9
430,2|4|69|13
1646,27|28|19|4|17
1859,93|2|30|439
2217,147|2
1846,5|4
580,2|0|13
898,40|2|288
726,93|2
329,47|8|12|9
1379,21|2|3
503,2|1
1440,0|356|4|2
97,154|8|10|9
1496,154|9
269,2|11
504,8|2|39|9|84|13
1281,11|8|2|85|9
2243,61|179
1009,102|12
330,11|395|2|77|457
1690,251|4|69|43
70,2|52|312|4|76|30
2461,15|11|4|2
1391,496|4|68|69
1173,222|2
2347,4|68
1955,2|11|55|53
722,2|11|55|53
448,4|69|68
1366,40|2
1005,261|8|39|9|61
249,395|2|11
221,5|4|69
1568,8|2|80|9|79
162,11|4|2|34
2284,11|8|2|85|9|4|69
1248,2|4|68|3
994,111|2
1686,267|2|0
1189,2|11|76
1341,51|213|19
1606,270|2
1176,8|2|9|10|105
2520,2|29
1410,4|68
242,325|295|103|12|31|87
415,295|82|103|172|31|87
1260,2|1
1495,12|75
1441,2|78
2113,2|9|23|314|216
2150,2|43|38|0|4
827,11|0|194|2
423,12|67|97|66
697,5|4|210
2105,61|178
1853,110|2
1503,2|288|30|13
218,8|2|9|10|105
557,8|2|9|54|0|3
1159,40|2
1406,4|68
903,56|4|52
2050,2|76|77
1239,2|76|77
961,30|2|55|106
604,2|4|69|13
733,2|77
115,8|2|70|9|10
1574,8|85|9|4|403|69
1454,40|2
2238,21|22|3|2
1713,4|101|52
916,232|267|2|4|55
614,8|80|2|9|0
801,2|91|53
1006,8|2|39|9|10|13
583,76|2|106
992,1|11|137|2
1065,2|11
2413,285|4
855,8|2|1|9|79
2341,8|2|11|9
1031,83|8|2|85|9
331,5|4
1141,79|2
1745,104|2|3|31|30
2523,79|2
828,13|2|0|6
997,3|2|21
1330,5|4
1763,93|2|30
525,8|2|39|9|10|13
1218,4|68
396,87|295
962,29|2|13
487,21|2|1|3
663,2|4|1|43
1313,188|42
734,2|3
2209,277|61|121|123|124
376,79|2|6
1320,57|217|265|19|255
1344,11|8|2|9|10
1288,79|2
1197,5|4
207,2|145|76|77
1020,104|31|2|70|4|15
32,482|22|138|2
963,285|2|4|112
210,111|2
2040,2|0|1
22,76|135|83|2
1381,11|8|2|9|154
2489,251|4|43
1498,231|52|19|4|297
2421,8|2|40|10|9|13
776,2|91|29
2029,314|232|4|2
332,4|68
1939,2|6
854,2|145|110|4|17
213,79|2|11
1886,38|270|2
309,11|8|2|39|9
30,2|106
1143,11|104|2|9|12|31|47
129,8|2|9|154|79
1387,2|138
389,146|152|2|0
900,111|2
98,325|12
2546,2|13
797,21|2|1|3
84,2|106
1121,4|69|68
208,76|2|23
850,2|106
1854,26|8|2|54|9|3
957,8|2|85|9|76|23
61,2|271
1110,2|6
700,2|0|53|13
590,39|8|9
16,5|4|210
790,79|8|2|9
991,5|4
2147,2|4|68|6
1411,2|7|6
1521,76|2|23
602,146|2|0
846,523|42|2
1812,79|2
1863,2|0
558,159|2|268|30
958,35|2|3
1815,11|2|4|15|21
847,4|34
1732,8|2|9|0|55
339,2|11|55|53
625,2|0
868,54|10|8|9
2425,11|8|2|39|9|10
400,111|2
1525,31|103|87
2121,76|2|30
1413,285|4|17
800,15|4
1190,5|4
158,5|4
447,93|2|11
2412,2|112
1702,2|0|13
1021,2|271|6
1753,4|34
2188,21|2|1|3
1244,285|17|4|34
630,325|9|12|103|31|87|47
964,146|2|91|53
1497,156|132|28|19
2151,11|2|9|12|166|47
742,86|4|52|17
973,2|11|1|13
1682,78|7|2|6
2319,2|96
2441,136|8|216|9
401,2|106
1249,5|4
1674,5|4
56,2|11
59,79|2
887,2|23
333,11|271|2
1755,67
1423,2|106
1138,201|8|54|12|19|9
2176,5|232|4
334,11|8|2|54|9
620,2|194|83
876,5|4
766,65|12
890,8|2|1|9|21
2096,13|2|0|6
2343,2|106
1314,113|19
2027,2|1
1698,11|8|2|54|9
1086,2|1|6
974,11|8|2|9|10
1245,5|4
993,2|11|6
130,79|2
23,2
1122,110|2
380,2|4|1|52
664,0|2|4|43
982,11|8|2|35|9
177,79|2
236,4|68
44,2|78
34,79|2
1087,11|8|2|54|9
244,2|11
888,2|11
723,11|2|9|12|47
1221,79|2
1661,11|8|2|85|9
509,2|11|55|53
2047,251|4|43
675,79|8|2|9
263,11|0|2
2287,154|8|9|85
1071,79|2
1575,2|11|3
813,51|212|19|213
2186,79|2
1645,13|2|7|6
2220,2|6
1878,162|158
2211,92|2|53|182
2094,2|106
485,201|9|12|19|65|47
2449,8|90|2|39|9|13
902,5|267|2|4|0
1434,8|2|9|10|105
417,325|103|12|31|87
1710,31|2|11|104
1985,79|2|0
1118,110|2
967,2|11
2169,159|2
304,34|8|2|9|4|271
2486,8|9
1268,8|2|11|9
1867,2|106
2100,2|6
1660,2|76|77
1477,4|34
1389,93|8|2|9
511,11|8|2|9|0
2261,79|2
1290,160|2|138|137
1865,12|400
341,21|2|3
455,4|68
717,2|6
1672,2|11
569,11|0|55|2
2051,2|7|6
880,4|68
1797,61|121|124
1405,2|457|77
848,2|3
1047,8|2|39|9|6
2395,2|1|7
737,325|103|12|31|87
434,5|4|69
1397,0|2|4|210
1027,2|0|53
1727,0|145|4|2
1255,11|8|2|1|85|9
506,325|295|103|12|31|87
265,2|3
231,2|11
2563,102|12
1317,147|30|2
582,146|2|13
853,79|2
905,24|2
1766,82|125
584,4|68
1359,2|6
2561,40|2
335,267|22|11|2
1038,482|138|11|2
2298,2|7|6
1900,138|0|137|2
743,2|1
1037,8|2|9|10|13
1749,231|4|52
534,343|61
1970,110|2|145
970,24|2
971,2|76|77
1016,285|4
234,2|11
2131,78|1|2|6
1718,93|2|11|30
2152,120|2|0|4|112
1669,11|8|2|85|9
1869,35|2|194
999,2|11|13
139,11|8|2|9|10|370
2122,8|90|2|39|9|13
968,11|8|2|39|9
1870,2|11
1229,35|2|21
1415,455|4|69|480
409,86|4|52
908,2|134
133,4|34
1311,31|40|2|32
1584,4|17
1999,4|68
1034,79|2
124,138|4|43|2
368,11|2|43|0|4
1437,79|2
1079,267|2|460|55
2336,21|2|3
1342,2|13
669,11|455|2|4|78
1586,4|68
1987,19|28|132|156
233,2|4|480|91|53
2273,2|6
83,2|11
2058,9|12|16|97
1234,2|4|129|77
1724,4|69|68
656,4|68|34
369,39|8|9
950,35|2|194
2157,2|78
1040,4|69|43
2393,40|2
1871,261|11|8|2|85|9|61
1022,79|2
687,4|69|98|52
562,29|0|2|13
2338,4|210
1729,113|19
856,267|1|55|2
2301,503|2|258
2340,13|2|0|6
1042,5|201|12|4|19
1004,8|2|9|13
1945,8|2|11|9
93,104|75|9|12|31|47
769,90|2
1994,2|53
1030,4|43
2352,2|11|21
2232,39|8|9
599,2|7|6
66,2|13
1382,79|2
2525,311|2|24
1984,2|0|29
2166,8|90|2|39|9|13
1075,65|12
752,8|2|9|6
1043,29|0|2|13
2324,5|4|69|43
1547,5|2|4|0
137,13|2|6
526,79|8|2|9
163,4|68
741,79|2
156,285|4
1049,23|2|76|6
1701,4|69|68
1088,113|19
2233,24|2
705,11|8|2|54|9
1140,8|2|105|9
641,5|11|2|4|0
1092,2|11
292,2|138
225,111|2
1028,2|1|43|38|4
1062,8|2|1|9|21
2532,24|145|30|2
1045,2|13
458,2|11
1183,13|2|6
699,2|106
1052,13|2|26|6
1225,2|1
2448,2|0|26|6
1361,79|2
489,9|2|216|96
1451,2|7|6
495,8|2|80|9|79
2468,135|2
701,267|2|11|55
2402,79|2
1059,2|1
2185,2|106
2193,8|2|11|9
377,102|12
1066,120|2|4|0
707,93|2|3|21
674,5|29|2|4|0
2562,2|6
2326,455|147|4|2
1060,2|11
1888,2|0|29
2022,2|3
464,102|12
1057,11|8|2|85|9
257,13|2|6
2276,24|145|2
688,2|145
1908,8|85|9
412,79|24|2
603,154|9|12|47
1292,5|4
595,40|2
1091,111|2|76|23
238,2|21
2118,40|2|268
1590,312|17|4|52
72,38|2|11
280,11|8|2|54|9
731,2|11|3
336,2|11|1
773,8|2|9|10|0|13
1887,8|85|9
41,8|2|9|21|6
1417,5|4
1459,79|2
2417,2|271|13
337,11|271|26|2
26,104|9|12|31|47
572,28|19
36,2|11|6
1891,5|8|2|54|9|4|0
444,8|2|39|9|54|21
94,370|2
1717,2|21
1903,79|2
2522,2|7|6
896,314|455|2|4
778,8|2|9|13
475,102|8|85|9|12
1703,12|75
275,5|4
2416,2|93|9|12|166|30
166,68|2|0|4|69
390,2|11
2381,2|11
872,2|0|13
1230,371|2
1095,455|4|69|480
882,111|2
140,147|2
1392,8|2|85|9|0|6
541,8|2|1|9|21
2354,5|4
424,12|97
1096,4|68
1093,23|0|30|2
126,11|8|2|9|0
877,11|8|2|9|10|0
2229,8|2|39|9|154|79
95,79|2
1083,2|11
874,21|22|3|2
1711,5|4
1552,38|2
1965,24|2
1077,27|132|192|28|19
1273,8|2|503|9|10|0
708,38|2|0
2064,125|81|226|82
2236,79|8|2|9
1388,11|8|2|39|9
642,5|4|68|69
370,13|2|6
64,310|2|4|21
2210,2|6
1304,2|13
2255,2|11
1876,79|2
1119,455|4|480
1345,11|8|2|70|9
1751,9|12|16|97
290,24|2|373
563,40|2
1738,2|91|53|13
1509,11|8|90|2|39|9
432,2|13
1099,2|340
1402,2|210|374|0|4
1277,2|6
2302,154|8|9
439,2|6
52,40|2|11
81,93|2|11
1534,92|2
1973,110|2|452|163
1349,9|16
2294,2|340|55|23
505,11|8|2|39|9
1750,11|8|2|9|12|47
1101,4|68|307|69
2536,24|2|76|77
1971,40|2
88,2|271|3
2300,2|106
2009,21|2|3
884,2|21
2515,8|2|39|9|10|105
338,146|2|91|53
1882,2|3
1996,79|13|2|6
1546,2|91
2344,21|2|3
883,2|106
895,2|6
1180,8|2|39|9|10|13
51,2|11
1919,2|76|77
1270,5|310|4
174,27|28|19
1186,8|2|85|9|12|79|47
1103,3|2|0|21
1880,11|0|2
1884,2|145|340
142,39|8|9
2565,2|6
576,146|11|0|2
1442,4|68|69
2530,21|2|3
2442,90|2|7|13
2560,38|2|0|1
2292,2|145|106
1560,2|76|77
1616,2|53
1982,1|112|2|7
631,5|2|4|0
31,79|80|2
1731,8|2|9|13
522,79|80|2
1113,136|8|10|9
736,15|4
1107,15|4
755,8|2|39|9|13
681,5|267|2|43|4
712,93|2|30
1111,455|4
918,15|4
108,79|2
2403,120|2|0|4|112
164,8|2|9|13
904,267|2|55
2357,8|2|35|9|54|21
274,267|2|460
2271,2|145
941,22|11|53|2
1299,2|1
1104,267|2|55
1744,5|183|2|1|4
1117,2|0
100,138|0|3|2
450,2|13
1144,8|2|9|10|13
1545,13|2|4|34
2329,4|68|43
716,2|21
714,13|2|90|6
1735,3|2|21
2572,2|76
37,2|11
1523,285|4
1371,102|12
101,2|21
2331,11|8|2|54|9
546,15|11|4|2
753,4|52
1199,79|2|7
1114,2|11|1
2540,455|4
2190,25|2|1|26
2107,193|8|2|39|9|6
39,2|106
1798,29|0|2|13
1602,8|2|85|9|3
348,79|2|0
1420,8|2|145|9|23
1548,8|2|1|9|21
2263,2|3
185,496|2|340|4|23
1315,90|2|7|13
146,11|2|9|12|271|166
350,4|43
1123,79|2|7
379,79|2
527,2|11
75,2|11|53
1540,104|2|32|31|79
1567,90|2|26|13
2201,4|68
756,34|8|2|9|10|4|105
96,8|2|38|54|9
1116,146|2|11
1757,11|8|2|85|9
648,3|2|21
1747,38|2|0
1444,12|400
901,267|2|76|77
1303,11|8|2|39|9|13
1115,146|40|2
1572,2|194
1793,188|42|11|2|40
1991,38|2|112|13
295,2|77
744,31|32|455|4
1296,38|2|0|13
670,5|455|4|69
2252,8|2|9|54|0|3
2463,9|2|216|111
1604,4|34
906,79|2
49,267|146|40|2
46,8|40|9|2
2586,90|2|11
2529,2|11|55|53
2376,79|2|7
938,2|163
718,2|76|77
1536,2|76
2404,15|11|4|2
1191,5|4|129
2191,4|17
86,11|8|2|9|84
443,40|2|13
62,8|2|9|21|6
1524,2|21
460,8|2|93|9|0
245,8|2|9|54|3
757,38|2|0|137
1752,21|2|3
2351,5|11|2|0|4
2004,2|1
1335,2|11
643,11|8|2|9|10
2127,8|40|9|2
134,309|34|557|4|87
2567,4|17
2411,93|2|76|77
666,8|2|9|3|13
615,5|2|38|4|69
531,8|2|70|9|10
1338,21|2|3
719,40|2
65,11|0|2
1337,2|11
1257,11|8|2|9|6
1914,2|11
378,2|11
2052,79|135|2
1377,8|2|1|9|21
2001,25|2|11|1
53,79|2
758,15|11|4|2
1280,2|7|6
1741,11|8|2|85|9
1624,11|8|2|39|9
2003,2|6
1581,111|2|55|23
55,2|11
774,13|2|55|78
2106,5|2|4|137|0
1145,267|22|55|2
2552,2|1|6
459,2|11
910,4|68|69
2355,38|2|0
1774,79|2
247,38|2|4|17
1642,4|43
405,11|0|2
936,8|2|85|9|23
2318,55|2|91|53
1549,79|8|2|9
654,5|2|4|0
2167,8|2|9|10|13
914,15|11|4|2
2253,79|2
109,8|2|9|84|76|30
647,8|2|35|9|54|3
73,54|8|9
2171,2|106
246,79|2
2418,11|0|2
1943,3|2|21
1756,2|1
1601,102|11|8|2|9|12
138,15|4|34
1989,11|0|2
915,11|271|2
689,2|145
2558,79|2|11
362,38|79|2
2364,79|135|2
1626,15|4
1543,34|52|4|56|17
57,8|2|9|10|13|6
2557,25|2|1|26
373,2|11|1|13
2108,2|11
1526,11|455|2|1|4
536,579|8|2|9|13
1553,2|271
1649,76|23|30|2
2490,79|2
1762,38|2|0|13
382,2|4|3|69|21
2509,2|0|1
1760,11|8|2|9|154
154,2|106
1564,2|134
2237,12|400
1636,4|34
135,455|4
542,8|2|9|6
678,21|2|3
917,2|165
60,2|271|6
467,2|271|1|190
486,79|25|2
258,79|2
1765,523|11|34|2|4
1746,95|52|4|19
2535,5|4
745,2|43|0|4|137
456,2|13
673,299|19
104,11|0|2|13
1618,2|11|3
250,8|2|11|9
252,2|457|77
1130,219|61
932,2|24|4|307|69
301,8|10|9
2278,5|374|4|210
2195,2|1
302,2|6
2451,5|4
286,111|2|55
181,267|30|2|106
2313,79|2
1603,8|2|11|9
159,2|55|78
354,232|11|2|0|4
468,455|2|4|1
2384,11|34|8|2|9|10|4
2168,8|2|11|9
67,79|2|159
2304,2|53
1323,79|2
1309,78|2|26|6
2385,39|8|84|9
2492,503|2|70|258
2018,2|13
2251,79|2|6
1232,2|0
82,2|362
2199,2|0|29
2368,2|11|1|6
1920,8|2|93|54|9|30
69,2|1
1897,8|2|85|9|76|23
2170,24|2
2555,2|76
759,102|12
1625,79|80|2
2564,31|104
145,325|103|12|31|87
2510,8|2|39|9|13
113,24|2
944,38|79|2
2254,38|2|0
1570,2|11
2242,267|2|55|29
930,15|271|2|4
2419,8|2|11|9
1187,111|2|76|77
256,2|3
1557,455|4
255,11|8|2|9|84
1643,2|23|6
2307,25|2|457|77
2315,2|11
1348,8|2|9|6
374,2|3
2359,2|3
729,2|288|30|268
564,110|2
543,0|22|271|2
760,4|68
931,79|2|30
2198,79|80|2
1779,8|2|9|84|76|23
273,2|43|0|4|112
264,93|2|439
1396,8|2|40|9|13
2296,2|11|30
1605,2|3
581,79|2|271
1786,232|4|55|2
2320,299|19
465,38|2|11
2392,11|8|2|9|12|47
1321,25|86|52|2|4|111
1556,2|21
1894,2|0
1794,155|61|12|185
2549,79|2
1563,79|135|2
923,21|2|1|3
199,79|80|2
118,79|2
2360,221
2311,232|11|2|0|4
2366,579|8|2|9|271
2370,11|2|4|69|53
1783,4|34|43|17
2316,4
2012,2|6
2197,79|2
1759,8|2|39|9|13|6
2162,4|68|69
1780,2|6
261,11|271|2
1944,26|21|2|3
928,2|11|78
1332,21|2|3
2369,2|21
1648,35|2|76|77
940,4|17
1907,78|7|2|6
1554,2|6
157,35|2
160,34|2|4|3|21
2308,24|139|2
2363,2|0|29
2371,26|21|2|3
730,3|2|11|21
482,2|11
481,11|2|4|15|6
283,456|2|52|43|138|4
1512,61|179
2059,11|8|2|85|9
2554,8|2|39|9|4|13|15
1917,2|76|77
943,8|2|11|9
1395,21|2|3
1192,2|11|21
2010,586|221
2310,26|22|21|2
2110,3|2|30
77,3|2|21
182,2|271
2465,0|2|4|43
2172,8|2|9|84|76|23
2312,8|2|9|10|4|271|15
1901,5|8|4|9
1913,93|2|7|6
2367,8|85|54|10|9
268,2|11
119,288|2|4|43
1578,2|11
1384,21|2|3
201,2|13
2551,261|193|14|9|12|61
1773,8|2|9|10|222
1561,2|6
2013,2|11|55|53
1776,2|11
2518,2|43|38|22|4
1457,21|2|3
1627,146|2|0
1775,24|2|23|77
2241,147|2|30|13
2568,79|8|2|9
408,11|8|2|40|9
1769,79|2|55
1394,11|0|2
1898,11|8|2|85|9|84
1895,11|0|26|2
1513,12|75
266,8|2|1|9|24|311
2365,2|134
1333,2|3
474,2|268
472,79|2
2378,79|2
2177,12|75
1154,2|21
951,2|23
2447,8|9|21|2
596,40|2
2256,146|2|11
270,2|11
605,8|84|85|9
2240,267|22|0|2
1777,22|55|2|1
2200,111|2|106
1153,579|9|2|11
1785,2|13
2406,190|2|13
2379,4|68
1781,18|19|20
567,79|2
2239,79|2
568,11|8|220|2|39|9|61
937,2|11|55|26
285,2|6
2014,11|557|2|0|4
476,15|11|4|2
1637,11|8|2|39|9
2245,146|2|11
1946,40|2
1393,79|2|23
276,11|271|2|6
1449,8|2|11|9
2375,11|8|2|54|9
477,586|221
2021,15|11|4|2
1791,2|3
777,4|17
2112,2|0
770,104|31|2|70|4|15
1562,80|86|52|2|4|79
2333,8|2|11|9
945,79|2
2174,8|85|54|9
2332,8|2|40|9|30
1788,146|152|2|0
1608,15|9|4|579
2175,79|2
2377,79|2
2215,5|2|210|4
1398,2|11
1974,2|0|29
779,8|2|11|9
949,15|11|4|2
79,11|8|2|9|84
1316,102|12
85,40|2
2019,29|271|2|13
2386,5|11|2|4|0
277,79|2|11
2382,2|52|4|112|17
1638,2|457|77
1576,586|221
469,78|2|26|6
1445,102|12
1619,586|221
